cam=766.48320,765.13273,314.63026,228.36923
camimu=-0.49557,0.49963,0.49883,0.50591
camcoeffs=0.19343,-1.13072,0.00472,-0.00052,0.00000
