cam=492.42317,489.98014,313.71144,261.27213
camimu=0.50798,0.50067,0.49636,-0.49489 
