cam=750.61850,746.09176,308.44818,220.20104
camimu=-0.49865,0.50862,0.49592,0.49671
camcoeffs=0.35479,-2.13178,0.00279,-0.00499,0.00000
